43
3168
3119
3131
3175
3189
3313
3189
3164
3160
3177
3183
3144
3097
3176
3138
3198
3193
3149
3167
3186
3150
3164
3175
3171
3160
3151
135
108
3171
70
20
12
3212
3147
3142
3140
3098
3154
3156
3168
3144
3166
3151
3142
81
3169
107
3167
3134
3167
3155
3161
3139
3093
3136
3145
3134
3147
3143
3160
3153
3131
3163
3158
3154
3159
3149
3115
3162
3133
117
3142
3176
3148
3088
3142
 more data 


3219

3204

3204

3165

3151

3163

3149

3144

3143

3152



3201

3244

3191

3132

3164

3164

3181

3178

3184

3151

3162

3219

3204

3204

3165

3151

3163

3149

3144

3143

3152

3147

3131

3141

3161

3157

3158

3120

3118

3152

3146

3139

3137

3157

3148

3150

3156

3123

3132

3109

3150

3148

3179

3141

3157

3155

3150

3110

3152

3168

3138

3130

3118

3174

3154

3167

3151

3123

3126

3136

3141

3149

3090

3137

3157

3081

3123

3128

3161

3172

3170

3168

3154

3156

3153

3167

3136

3101

3109

3145

3183

3146

3170

3061

3161

3145

3127

3149

3183

3148

3118

3146

3149

3099

3100

3137

3100

3160

3150

3183

3152

